Structure Global Matrix :
___________________________________________________________________________
          0          1          2          3         4          5          6  \
0  9090.039  -9090.039      0.000      0.000     0.000      0.000  -9090.039   
1 -9090.039  31590.039      0.000 -22500.000     0.000      0.000   9090.039   
2     0.000      0.000  24795.692   5395.692 -5395.692 -12145.692 -12650.000   
3     0.000 -22500.000   5395.692  27895.692 -5395.692  -5395.692      0.000   
4     0.000      0.000  -5395.692  -5395.692  5395.692   5395.692      0.000   
5     0.000      0.000 -12145.692  -5395.692  5395.692  12145.692      0.000   
6 -9090.039   9090.039 -12650.000      0.000     0.000      0.000  21740.039   
7  9090.039  -9090.039      0.000      0.000     0.000      0.000  -9090.039   

          7  
0  9090.039  
1 -9090.039  
2     0.000  
3     0.000  
4     0.000  
5     0.000  
6 -9090.039  
7  9090.039  

