Member Stiffness Matrix 1 :
[[ 5395.692  5395.692 -5395.692 -5395.692]
 [ 5395.692  5395.692 -5395.692 -5395.692]
 [-5395.692 -5395.692  5395.692  5395.692]
 [-5395.692 -5395.692  5395.692  5395.692]]

Member Stiffness Matrix 2 :
[[ 9090.039 -9090.039 -9090.039  9090.039]
 [-9090.039  9090.039  9090.039 -9090.039]
 [-9090.039  9090.039  9090.039 -9090.039]
 [ 9090.039 -9090.039 -9090.039  9090.039]]

Member Stiffness Matrix 3 :
[[ 12650.     -0. -12650.      0.]
 [    -0.      0.      0.     -0.]
 [-12650.      0.  12650.     -0.]
 [     0.     -0.     -0.      0.]]

Member Stiffness Matrix 4 :
[[ 6750.    -0. -6750.     0.]
 [   -0.     0.     0.    -0.]
 [-6750.     0.  6750.    -0.]
 [    0.    -0.    -0.     0.]]

Member Stiffness Matrix 5 :
[[     0.     -0.     -0.      0.]
 [    -0.  22500.      0. -22500.]
 [    -0.      0.      0.     -0.]
 [     0. -22500.     -0.  22500.]]

