TRUSS ANALYSIS RESULTS
_____________________________________________
Member Stiffness Matrix 1 :
[[ 5395.692  5395.692 -5395.692 -5395.692]
 [ 5395.692  5395.692 -5395.692 -5395.692]
 [-5395.692 -5395.692  5395.692  5395.692]
 [-5395.692 -5395.692  5395.692  5395.692]]

Member Stiffness Matrix 2 :
[[ 9090.039 -9090.039 -9090.039  9090.039]
 [-9090.039  9090.039  9090.039 -9090.039]
 [-9090.039  9090.039  9090.039 -9090.039]
 [ 9090.039 -9090.039 -9090.039  9090.039]]

Member Stiffness Matrix 3 :
[[ 12650.     -0. -12650.      0.]
 [    -0.      0.      0.     -0.]
 [-12650.      0.  12650.     -0.]
 [     0.     -0.     -0.      0.]]

Member Stiffness Matrix 4 :
[[ 6750.    -0. -6750.     0.]
 [   -0.     0.     0.    -0.]
 [-6750.     0.  6750.    -0.]
 [    0.    -0.    -0.     0.]]

Member Stiffness Matrix 5 :
[[     0.     -0.     -0.      0.]
 [    -0.  22500.      0. -22500.]
 [    -0.      0.      0.     -0.]
 [     0. -22500.     -0.  22500.]]



Structure Global Matrix :
___________________________________________________________________________
          0          1          2          3         4          5          6  \
0  9090.039  -9090.039      0.000      0.000     0.000      0.000  -9090.039   
1 -9090.039  31590.039      0.000 -22500.000     0.000      0.000   9090.039   
2     0.000      0.000  24795.692   5395.692 -5395.692 -12145.692 -12650.000   
3     0.000 -22500.000   5395.692  27895.692 -5395.692  -5395.692      0.000   
4     0.000      0.000  -5395.692  -5395.692  5395.692   5395.692      0.000   
5     0.000      0.000 -12145.692  -5395.692  5395.692  12145.692      0.000   
6 -9090.039   9090.039 -12650.000      0.000     0.000      0.000  21740.039   
7  9090.039  -9090.039      0.000      0.000     0.000      0.000  -9090.039   

          7  
0  9090.039  
1 -9090.039  
2     0.000  
3     0.000  
4     0.000  
5     0.000  
6 -9090.039  
7  9090.039  



Node displacements
_________________________________________
   Node  Displacement on X  Displacement on Y
2     1       0.000000e+00      -7.146826e+13
0     2      -7.146826e+13      -7.146826e+13
3     3       0.000000e+00       0.000000e+00
1     4       3.932135e-03      -7.146826e+13



Structure reactions
_____________________________
   Node Reaction X Reaction Y
0     3        64.      -128.



Internal forces
_________________________________________
   Bar  Internal force
0    1    5.453640e+17
1    2   -2.840784e+02
2    3    0.000000e+00
3    4    4.824107e+17
4    5   -1.608036e+18



