Structure Global Matrix :
___________________________________________________________________________
          0    1         2       3       4      5       6    7
0  2666.667  0.0 -2666.667     0.0     0.0    0.0     0.0  0.0
1     0.000  0.0     0.000     0.0     0.0    0.0     0.0  0.0
2 -2666.667  0.0  3242.667   768.0  -768.0 -576.0     0.0  0.0
3     0.000  0.0   768.000  3024.0 -1024.0 -768.0 -2000.0  0.0
4     0.000  0.0  -768.000 -1024.0  1024.0  768.0     0.0  0.0
5     0.000  0.0  -576.000  -768.0   768.0  576.0     0.0  0.0
6     0.000  0.0     0.000 -2000.0     0.0    0.0  2000.0  0.0
7     0.000  0.0     0.000     0.0     0.0    0.0     0.0  0.0

