Member Stiffness Matrix 1 :
[[    0.        0.       -0.       -0.   ]
 [    0.     2666.667    -0.    -2666.667]
 [   -0.       -0.        0.        0.   ]
 [   -0.    -2666.667     0.     2666.667]]

Member Stiffness Matrix 2 :
[[ 1024.   768. -1024.  -768.]
 [  768.   576.  -768.  -576.]
 [-1024.  -768.  1024.   768.]
 [ -768.  -576.   768.   576.]]

Member Stiffness Matrix 3 :
[[ 2000.     0. -2000.    -0.]
 [    0.     0.    -0.    -0.]
 [-2000.    -0.  2000.     0.]
 [   -0.    -0.     0.     0.]]

