Salaires
68.00 
66.07 
69.50 
66.10 
67.82 
67.47 
68.82 
67.20 
68.17 
67.94 
66.34
67.88 
67.41 
68.84 
66.87 
66.73 
69.61 
67.57 
69.24 
68.47 
67.29 
68.03
67.09 
69.54 
66.14 
67.53 
67.75 
68.45 
67.18 
67.85 
67.75 
66.37 
67.55
66.92 
68.80 
67.38 
66.83 
69.65 
66.71 
68.60 
69.17 
67.65 
67.79 
67.49
69.48 
67.81 
67.14 
67.96 
68.30 
67.83 
68.18 
67.44 
67.22 
67.23 
67.73
66.40 
66.91 
67.68 
66.81 
68.33 
67.25 
66.80 
66.75 
67.85 
67.48 
68.87
67.80 
69.46 
68.09 
67.15 
68.99 
68.20 
67.54 
69.94 
66.93 
67.55 
67.90
66.40 
67.71 
69.84 
66.84 
67.32 
67.89 
67.58 
69.21 
67.28 
68.05 
67.88
68.06 
67.47 
67.51 
67.20 
68.98 
68.15 
67.85 
69.20 
66.42 
67.85 
68.64
68.91 
67.92 
69.45 
67.32 
67.66 
66.53 
67.80 
66.78 
67.61 
67.05 
66.60
68.05 
67.78 
67.12 
67.17 
68.93 
68.21 
67.55 
69.15 
67.74 
68.22 
69.73
67.92 
67.91 
68.78 
67.68 
67.86 
67.25 
68.40 
69.12 
67.83 
66.03 
69.20
68.07 
69.00 
68.11 
66.95 
68.85 
66.29 
68.15 
68.95 
66.93 
68.29